2594 1674 4296 3789 717 4378 3126 2334 264 563
3091 686 4368 1070 664 3862 3944 1320 4295 4450
4609 3932 74 4055 4173 384 2713 484 565 1438
1257 3555 4965 2884 2246 3166 2177 4238 4140 2901
1183 940 1722 4448 4061 1320 1203 4536 1992 2418
271 1518 1776 3139 1467 3919 3971 4035 1967 874
3041 4511 1649 91 2959 2123 4807 4385 1355 4144
1822 2971 766 1811 914 2172 2157 1270 2742 3054
2638 4843 1338 3312 1845 2131 3046 1605 4321 4627
946 561 2071 3390 2431 1596 3308 1527 2555 646
3775 2063 1271 2446 784 2503 2146 2053 923 2965
665 2707 2514 1490 2227 4602 4377 1458 4844 1259
3854 2463 2803 1278 4531 450 3314 942 3959 1991
1851 970 517 1931 3137 1905 756 218 1464 415
2838 2027 297 2640 4777 2455 3826 2620 292 1628
